****************************** Plyta Fundamentowa ******************************
Polprzestrzen sprezysta: ni: 0.4    E0: 80 MPa
********************************************************************************
Dane:
Plyta:
 a = 10 m 
 b = 10 m 
 h = 0.4 m 
 Podzial boku a na m = 10 elementow 
 Podzial boku b na n = 10 elementow 
********************************************************************************


*************************************Reakcje************************************
********************(wielkosci sa wyrazone w [m] oraz [MN])*********************
 b \ a   0.5000   1.5000   2.5000   3.5000   4.5000   5.5000   6.5000   7.5000   8.5000   9.5000  
 0.5000 -0.1543   0.2045  -0.0432   0.2630   0.3348   1.5037   1.7085  -0.2892   1.4650   0.0338  
 1.5000  0.3380   0.7355   0.2025   1.7284   0.7299   0.6914   1.7597   0.3326  -0.3982  -0.3858  
 2.5000 -0.6857   1.1701   0.1741   0.7195   1.1285   0.9714   0.3051   1.2369  -0.4009   1.4924  
 3.5000  0.2580   1.2194  -0.1126   1.9723  -0.9485  -0.0140   1.2449   1.5289  -0.8146  -0.8888  
 4.5000 -0.8871   0.7730   1.1734  -0.2134   1.3466   1.3163  -0.0795   1.4373  -0.5602  -0.5927  
 5.5000  0.0536  -0.8815   1.7319   1.5725   0.5828  -0.4574  -0.7540   1.6428  -0.2493  -0.8819  
 6.5000  1.0714   1.7935   1.2448   0.8780   1.1128  -0.1876   1.3726  -0.4463   0.2825   1.8052  
 7.5000 -0.6286   0.4860   1.4462   1.7753   1.7396   1.9255  -0.0703   0.5922  -0.2221   0.9824  
 8.5000 -0.1140  -0.2380   0.8158   1.0894   1.8392   1.4790   0.4890   1.2612   0.2417   0.7227  
 9.5000  0.2851   1.7423   0.3312  -0.0966   0.5868   0.0474   1.7189   0.7906  -0.5984   0.5718  
********************************************************************************


************************************Osiadania***********************************
***********************(wielkosci sa wyrazone w [m] )***************************
 b \ a   0.5000   1.5000   2.5000   3.5000   4.5000   5.5000   6.5000   7.5000   8.5000   9.5000  
 0.5000  0.9565   1.7196   0.4942   0.5347   0.5891   1.8095   1.5052   1.1151  -0.7584   0.2654  
 1.5000  0.6979   1.0505  -0.5265   0.4520   1.7579   1.3225   0.8680  -0.0609   1.3172   0.4032  
 2.5000  0.1376   0.7037  -0.8906  -0.7170  -0.4507   0.5478   0.9099   1.3748  -0.7421   1.7418  
 3.5000  0.0915   1.5967   0.8973  -0.9749   1.4193   1.8912   0.1664  -0.1478  -0.6097   0.1340  
 4.5000  0.2700   0.3453   0.9943  -0.8049   0.1180  -0.5810   1.0022   0.6189   1.0921   1.1582  
 5.5000  1.5489  -0.1709   1.3741  -0.3267  -0.3870   1.5749   0.4548  -0.1443   0.9932   1.5375  
 6.5000  0.7436   0.2619  -0.5987  -0.8257   0.0591   0.8979  -0.1631   0.4982   1.2024   0.6845  
 7.5000  0.5486   0.2972   1.9226   1.2629   1.6479   0.3380  -0.1344   1.9612   0.1325   1.4674  
 8.5000  1.2336   1.5225   1.9418  -0.6030  -0.5253   0.8816  -0.2831   0.8328   0.7329   0.0371  
 9.5000 -0.9834  -0.9208   1.5642  -0.3234   0.0224  -0.9664   0.0660  -0.4201   1.0282   0.9828  
********************************************************************************
Autor pracy magisterskiej: inz. Aleksander Mroz
Promotor: dr hab. inz. Wlodzimierz Brzakala 
Semestr letni 
Rok akademicki: 2017/2018 
