****************************** Plyta Fundamentowa ******************************
Polprzestrzen sprezysta: ni: 0.4    E0: 80 MPa
********************************************************************************
Dane:
Plyta:
 a = 10 m 
 b = 10 m 
 h = 0.4 m 
 Podzial boku a na m = 10 elementow 
 Podzial boku b na n = 10 elementow 
********************************************************************************


*************************************Reakcje************************************
********************(wielkosci sa wyrazone w [m] oraz [MN])*********************
 b \ a   0.5000   1.5000   2.5000   3.5000   4.5000   5.5000   6.5000   7.5000   8.5000   9.5000  
 0.5000 -0.1462   1.3476   0.5214  -0.8044  -0.4118   1.0000   1.1978  -0.7978  -0.6650   0.1563  
 1.5000  0.6833  -0.9565   1.8285   1.1688  -0.0235   1.1826  -0.0409   1.2990  -0.4463   0.2335  
 2.5000  0.9782   1.7602   1.6554   1.0401  -0.9133  -0.4221   0.9354   1.0307   1.1687   1.0171  
 3.5000  0.4822   1.1127  -0.4492   0.7547   1.8083  -0.3526  -0.8651   0.0158  -0.9262   1.8780  
 4.5000  1.2230   0.8520   0.8579   1.5330  -0.9884   1.5435  -0.2959   0.2931   1.6204   0.9423  
 5.5000 -0.2618   1.0652  -0.9400  -0.2119   1.5563   1.9073  -0.9001  -0.5853   0.0665   1.3639  
 6.5000  1.1871   0.6089   1.2522  -0.4537  -0.0733  -0.7536  -0.7511  -0.3911   1.9356   1.3995  
 7.5000 -0.4147   1.7352  -0.0660  -0.8762   0.7930  -0.7576   0.9631   1.8065   0.0629  -0.7040  
 8.5000  1.0213   0.0263   0.5580   1.9506  -0.7486  -0.8542   0.5253   0.6880   1.4743  -0.4591  
 9.5000  1.1311   1.2755  -0.4256   1.8126  -0.8071   0.5534   1.3936  -0.4890   1.6933   0.6300  
********************************************************************************


************************************Osiadania***********************************
***********************(wielkosci sa wyrazone w [m] )***************************
 b \ a   0.5000   1.5000   2.5000   3.5000   4.5000   5.5000   6.5000   7.5000   8.5000   9.5000  
 0.5000  0.9939  -0.0745   1.8441   1.9048  -0.8148   0.6053   0.2183  -0.9822  -0.4815   1.7287  
 1.5000  1.0504  -0.5167  -0.8351  -0.2815  -0.0686   0.4863   0.1206   1.9335  -0.3357   0.5354  
 2.5000 -0.5048  -0.1243  -0.5486   0.1087   1.3071   1.2921   1.9832   1.5832   1.3296   1.2852  
 3.5000 -0.7486  -0.2363  -0.9932  -0.7955   0.2570  -0.2707  -0.7892  -0.3619   1.7068  -0.1142  
 4.5000  0.7718   0.4464  -0.7251   0.3052  -0.8567   0.8528   1.2396  -0.8760  -0.5933  -0.5018  
 5.5000  1.2401  -0.6412  -0.6246   1.0310  -0.4630   1.3073  -0.8128  -0.4602   0.4685   1.4925  
 6.5000  1.6829   1.8441  -0.8689   1.5841  -0.7561   1.1516  -0.9865   0.9242  -0.9018  -0.5233  
 7.5000  1.2724   1.6846   1.9011   1.0333   0.2830   1.6319   1.3262   1.8872  -0.0489  -0.2615  
 8.5000 -0.5462   1.5265  -0.9888  -0.3778  -0.7066  -0.1930   0.2984   0.1419  -0.6087   0.8333  
 9.5000  0.4373   1.0348   0.1586  -0.9378   0.5044  -0.0406   1.7972   1.8119  -0.4586   0.0995  
